01  2       2       1
02  1       1       1
03  2       2       1
04  2       2       1
05  4       4       1
06  1       1       2
07  2       2       2
08  2       2       2
09  2       2       2
10  1       1       2
11  3       3       1
12  4       4       1
13  4       4       1
14  3       3       1
15  2       2       1
16  4       4       2
17  3       3       2
18  3       3       2
19  1       1       2
20  2       2       2
21  4       4       2
22  -51.0   -49.0   2
23  1.4     1.6     2
24  5       5       2
25  -89.8   -87.8   2
26  3       3       1
27  1       1       1
28  3       3       1
29  2       2       1
30  1       1       1
31  1       1       1
32  4       4       1
33  2       2       1
34  -480.1  -479.9  1
35  0.024   0.026   1
36  2       2       2
37  4       4       2
38  2       2       2
39  3       3       2
40  1       1       2
41  4       4       2
42  4       4       2
43  6.49    6.51    2
44  3       3       2
45  6499.9  6500.1  2
46  4       4       1
47  1       1       1
48  3       3       1
49  2       2       1
50  3       3       1
51  1       1       1
52  4       4       1
53  2       2       1
54  1       1       1
55  14      14      1
56  3       3       2
57  1       1       2
58  4       4       2
59  3       3       2
60  2       2       2
61  4       4       2
62  1       1       2
63  2       2       2
64  2.2     2.2     2
65  24      24      2
66  2       2       1
67  4       4       1
68  2       2       1
69  2       2       1
70  3       3       1
71  2       2       1
72  2       2       1
73  3       3       1
74  3       3       1
75  255999  256001  1
76  3       3       2
77  1       1       2
78  3       3       2
79  2       2       2
80  3       3       2
81  4       4       2
82  3       3       2
83  2       2       2
84  9.9     10.1    2
85  61.50   62.50   2
86  3       3       1
87  1       1       1
88  4       4       1
89  3       3       1
90  4       4       1
91  1       1       1
92  3       3       1
93  1       1       1  1
94  60      60      1
95  3450    3450    1
96  1       1       2
97  2       2       2
98  2       2       2
99  1       1       2
100  3       3       2
101  4       4       2
102  2000    2000    2
103  28      28      2
104  0.48    0.48    2
105  40.5    40.5    2
106  4       4       1
107  3       3       1
108  1       1       1
109  2       2       1
110  4       4       1
111  4       4       1
112  4       4       1
113  77.4    77.6    1
114  32      32      1
115  74.8    75.6    1
116  1       1       2
117  1       1       2
118  1       1       2
119  2       2       2
120  4       4       2
121  240.00  242.00  2
122  11.45   11.55   2
123  2.16    2.25    2
124  0.924   0.930   2
125  1.06    1.09    2
