1   3      3      1
2   3      3      1
3   3      3      1
4   3      3      1
5   1      1      1
6   3      3      2
7   1      1      2
8   3      3      2
9   2      2      2
10  4      4      2
11  1      1      1
12  2      2      1
13  4      4      1
14  1      1      1
15  1      1      1
16  3      3      1
17  3      3      1
18  2      2      1
19  2      2      1
20  4      4      1
21  2      2      1
22  2      2      1
23  2      2      1
24  4      4      1
25  4      4      1
26  3      3      1
27  1      1      1
28  2      2      1
29  3      3      1
30  -6     -6     1
31  16     16     1
32  20     20     1
33  4      4      1
34  31800  32000  1
35  50     50     1
36  3      3      2
37  2      2      2
38  1      1      2
39  2      2      2
40  2      2      2
41  4      4      2
42  3      3      2
43  1      1      2
44  2      2      2
45  3      3      2
46  3      3      2
47  1      1      2
48  2      2      2
49  4      4      2
50  4      4      2
51  2      2      2
52  3      3      2
53  4      4      2
54  2      2      2
55  2      2      2
56  280    295    2
57  0.75   0.75   2
58  0.6    0.6    2
59  128    130    2
60  2.20   2.50   2
61  12500  14500  2
62  970    1010   2
63  1      1      2
64  9      10     2
65  30     30     2
