01  3      3      1
02  3      3      1
03  4      4      1
04  3      3      1
05  2      2      1
06  3      3      2
07  4      4      2
08  1      1      2
09  3      3      2
10  4      4      2
11  4      4      1
12  2      2      1
13  4      4      1
14  1      1      1
15  2      2      1
16  2      2      1
17  2      2      1
18  1      1      1
19  2      2      1
20  4      4      1
21  2      2      1
22  2      2      1
23  3      3      1
24  4      4      1
25  5      5      1
26  5      5      1
27  3      3      1
28  5      5      1
29  11     11     1
30  -126   -120   1
31  5.4    5.55   1
32  1.25   1.3    1
33  6      6      1
34  3.9    3.9    1
35  74     76     1
36  1      1      2
37  2      2      2
38  1      1      2
39  4      4      2
40  1      1      2
41  3      3      2
42  2      2      2
43  3      3      2
44  1      1      2
45  2      2      2
46  4      4      2
47  4      4      2
48  3      3      2
49  3      3      2
50  2      2      2
51  2      2      2
52  3      3      2
53  2      2      2
54  2      2      2
55  2      2      2
56  13     13     2
57  2.5    2.65   2
58  265    295    2
59  -38    -37    2
60  135    137    2
61  -12.9  -12.4  2
62  9      9      2
63  0.5    0.5    2
64  0      0      2
65  2.8    3      2
