1   3      3      1
2   3      3      1
3   3      3      1
4   3      3      1
5   1      1      1
6   3      3      2
7   1      1      2
8   3      3      2
9   2      2      2
10  4      4      2
11  4      4      1
12  1      1      1
13  4      4      1
14  4      4      1
15  3      3      1
16  3      3      1
17  4      4      1
18  2      2      1
19  3      3      1
20  1      1      1
21  2      2      1
22  3      3      1
23  3      3      1
24  0      0      1
25  2.40   2.50   1
26  -7.5   -7.5   1
27  31.90  32.10  1
28  0.21   0.23   1
29  0.5    0.5    1
30  6      6      1
31  4      4      1
32  2      2      1
33  7      7      1
34  4      4      1
35  0.125  0.125  1
36  2      2      2
37  2      2      2
38  2      2      2
39  1      1      2
40  2      2      2
41  1      1      2
42  3      3      2
43  3      3      2
44  4      4      2
45  2      2      2
46  2      2      2
47  1      1      2
48  4      4      2
49  4      4      2
50  1      1      2
51  3      3      2
52  1      1      2
53  2      2      2
54  0.76   0.83   2
55  12     12     2
56  17     17     2
57  48     48     2
58  27     27     2
59  0.25   0.30   2
60  26     26     2
61  0.022  0.028  2
62  14.5   16.5   2
63  -3     -3     2
64  1.95   2.05   2
65  10     10     2
