1   3      3      1
2   3      3      1
3   3      3      1
4   3      3      1
5   1      1      1
6   3      3      2
7   1      1      2
8   3      3      2
9   2      2      2
10  4      4      2
11  1      1      1
12  3      3      1
13  3      3      1
14  2      2      1
15  1      1      1
16  3      3      1
17  1      1      1
18  2      2      1
19  4      4      1
20  2      2      1
21  2      2      1
22  3      3      1
23  3      3      1
24  4      4      1
25  1      1      1
26  2      2      1
27  1.07   1.11   1
28  1      1      1
29  6.26   6.30   1
30  0.8    0.8    1
31  2.5    2.5    1
32  3      3      1
33  1260   1266   1
34  0.6    0.6    1
35  0.244  0.248  1
36  4      4      2
37  1      1      2
38  2      2      2
39  3      3      2
40  4      4      2
41  3      3      2
42  3      3      2
43  4      4      2
44  1      1      2
45  1      1      2
46  1      1      2
47  3      3      2
48  2      2      2
49  2      2      2
50  4      4      2
51  2      2      2
52  1      1      2
53  22.0   22.2   2
54  3.61   3.63   2
55  33.2   33.4   2
56  0.010  0.013  2
57  5      5      2
58  40     40     2
59  1.02   1.04   2
60  0.044  0.046  2
61  12     12     2
62  0.25   0.25   2
63  0.125  0.125  2
64  4.77   4.81   2
65  0.333  0.333  2
